
-150.000000,-150.000000,10448
-151.250000,-151.250000,20584
-153.750000,-153.750000,30708
-156.250000,-156.250000,40764
-158.750000,-158.750000,50852
-161.250000,-161.250000,61012
-163.750000,-163.750000,71108
-166.250000,-166.250000,81128
-168.750000,-168.750000,91124
-171.250000,-171.250000,101160
24.769769,32.405155,111236
23.951911,31.651996,121344
24.816198,32.645675,131464
25.680482,33.639354,141604
26.544769,34.633037,151668
27.409053,35.626720,161680
28.273338,36.620399,171704
29.137626,37.614078,181776
30.001907,38.607761,191816
30.866195,39.601444,201856
-79.462783,-60.289291,211896
-79.568962,-60.179813,221952
-80.645614,-60.954540,232012
-81.722259,-61.729263,242104
-82.798912,-62.503986,252232
-83.875556,-63.278713,262396
-84.952201,-64.053443,272528
-86.028846,-64.828170,282680
-87.105499,-65.602890,292812
-88.182144,-66.377616,302948
-83.548828,-91.812728,313096
-84.560775,-92.781547,323100
-85.508026,-93.944458,333256
-86.455276,-95.107368,343272
-87.402526,-96.270286,353316
-88.349784,-97.433197,363364
-89.297035,-98.596107,373412
-90.244285,-99.759025,383468
-91.191543,-100.921936,393508
-92.138793,-102.084846,403628
-21.694173,-19.643703,413728
-22.037576,-20.094940,423836
-21.777139,-19.834499,433884
-21.516698,-19.574058,443916
-21.256258,-19.313621,454052
-20.995820,-19.053180,464204
-20.735380,-18.792739,474312
-20.474943,-18.532302,484392
-20.214502,-18.271862,494496
-19.954061,-18.011421,504584
-102.484733,-95.237899,514628
-102.935966,-95.646003,524696
-104.098884,-96.722648,534840
-105.261795,-97.799301,545020
-106.424705,-98.875953,555044
-107.587623,-99.952598,565128
-108.750534,-101.029243,575208
-109.913444,-102.105888,585348
-111.076362,-103.182540,595364
-112.239280,-104.259185,605516
-53.731147,-55.759719,615676
-54.376476,-56.405052,625784
-54.504222,-56.619060,635844
-54.631973,-56.833072,645872
-54.759719,-57.047080,655888
-54.887466,-57.261093,666032
-55.015216,-57.475105,676184
-55.142963,-57.689113,686316
-55.270709,-57.903125,696312
-55.398456,-58.117134,706444
-57.044448,-49.840042,716552
-57.193759,-49.989353,726680
-57.364639,-50.073966,736808
-57.535522,-50.158584,746940
-57.706401,-50.243198,757060
-57.877281,-50.327812,767184
-58.048164,-50.412425,777316
-58.219043,-50.497043,787444
-58.389923,-50.581657,797548
-58.560806,-50.666271,807676
-94.406234,-93.889648,817764
-94.879028,-94.340888,827860
-95.653762,-95.158744,837996
-96.428482,-95.976600,847988
-97.203201,-96.794456,857992
-97.977928,-97.612312,868024
-98.752655,-98.430168,878056
-99.527374,-99.248023,888096
-100.302093,-100.065887,898140
-101.076820,-100.883750,908284
-51.548049,-48.981346,918412
-51.891456,-49.346321,928476
-51.803543,-49.258407,938544
-51.715637,-49.170501,948560
-51.627723,-49.082588,958576
-51.539810,-48.994674,968732
-51.451904,-48.906768,978864
-51.363990,-48.818855,988980
-51.276077,-48.730941,999112
-51.188171,-48.643035,1009248
-75.695777,-70.562721,1019388
-75.823516,-70.668907,1029516
-76.166931,-70.969184,1039652
-76.510330,-71.269454,1049812
-76.853744,-71.569732,1059944
-77.197143,-71.870010,1069940
-77.540550,-72.170280,1080100
-77.883956,-72.470558,1090256
-78.227363,-72.770835,1100400
-78.570770,-73.071113,1110416
-84.432296,-83.936973,1120580
-84.818832,-84.323509,1130588
-85.248504,-84.796310,1140608
-85.678176,-85.269111,1150632
-86.107849,-85.741912,1160668
-86.537521,-86.214714,1170696
-86.967193,-86.687522,1180756
-87.396865,-87.160316,1190792
-87.826538,-87.633125,1200864
-88.256210,-88.105918,1210912
-55.684810,-53.118110,1220956
-55.834129,-53.288993,1231032
-55.703079,-53.157947,1241100
-55.572032,-53.026901,1251132
-55.440986,-52.895851,1261148
-55.309940,-52.764804,1271184
-55.178894,-52.633758,1281176
-55.047847,-52.502712,1291180
-54.916801,-52.371665,1301336
-54.785755,-52.240619,1311344
-87.185119,-82.052078,1321480
-87.334434,-82.179817,1331592
-87.764106,-82.566352,1341740
-88.193778,-82.952888,1351744
-88.623451,-83.339431,1361760
-89.053115,-83.725967,1371808
-89.482795,-84.112503,1381864
-89.912467,-84.499038,1391904
-90.342140,-84.885574,1401928
-90.771812,-85.272109,1411968
-73.941841,-73.446456,1422008
-74.220550,-73.725173,1432064
-74.348297,-73.896049,1442088
-74.476036,-74.066932,1452112
-74.603782,-74.237815,1462132
-74.731529,-74.408691,1472152
-74.859275,-74.579574,1482192
-74.987014,-74.750450,1492208
-75.114761,-74.921333,1502216
-75.242507,-75.092216,1512252
-64.890258,-62.323539,1522236
-64.931739,-62.386589,1532268
-64.886962,-62.341812,1542316
-64.842178,-62.297027,1552340
-64.797393,-62.252250,1562344
-64.752616,-62.207466,1572360
-64.707832,-62.162689,1582380
-64.663055,-62.117904,1592544
-64.618270,-62.073127,1602700
-64.573493,-62.028343,1612712
-89.808792,-84.675758,1622852
-89.979675,-84.825073,1632976
-90.366210,-85.168479,1642988
-90.752746,-85.511886,1652996
-91.139282,-85.855293,1663028
-91.525817,-86.198692,1673076
-91.912353,-86.542098,1683124
-92.298889,-86.885505,1693140
-92.685424,-87.228912,1703188
-93.071960,-87.572319,1713228
-68.435134,-65.394683,1723260
-68.606018,-65.543998,1733340
-68.561241,-65.499221,1743352
-68.516456,-65.454437,1753400
-68.471679,-65.409660,1763420
-68.426895,-65.364875,1773592
-68.382110,-65.320098,1783600
-68.337333,-65.275314,1793748
-68.292549,-65.230537,1803780
-68.247772,-65.185752,1813940
-72.865348,-74.936378,1824096
-72.863700,-74.977867,1834080
-72.905181,-75.105613,1844244
-72.946670,-75.233352,1854232
-72.988151,-75.361099,1864240
-73.029640,-75.488845,1874264
-73.071121,-75.616592,1884416
-73.112609,-75.744331,1894444
-73.154090,-75.872077,1904480
-73.195579,-75.999824,1914492
-88.593376,-78.843841,1924484
-88.764259,-78.993156,1934504
-89.064537,-79.164031,1944540
-89.364814,-79.334915,1954564
-89.665092,-79.505798,1964612
-89.965370,-79.676673,1974640
-90.265647,-79.847557,1984664
-90.565925,-80.018440,1994700
-90.866203,-80.189315,2004720
-91.166481,-80.360198,2014772
-63.727100,-67.848258,2024804
-63.790157,-67.911308,2034848
-63.615978,-67.866523,2044896
-63.441799,-67.821746,2054944
-63.267620,-67.776962,2064992
-63.093448,-67.732185,2075016
-62.919269,-67.687400,2085032
-62.745090,-67.642623,2095024
-62.570919,-67.597839,2105028
-62.396739,-67.553062,2115208
-87.203147,-77.474830,2125328
-87.244636,-77.516311,2135460
-87.501777,-77.644058,2145452
-87.758918,-77.771804,2155600
-88.016059,-77.899551,2165588
-88.273193,-78.027290,2175588
-88.530334,-78.155036,2185772
-88.787475,-78.282783,2195768
-89.044616,-78.410530,2205784
-89.301757,-78.538269,2215804
-74.716018,-76.292037,2225960
-74.843765,-76.398216,2236000
-74.842109,-76.482833,2246012
-74.840461,-76.567451,2256036
-74.838813,-76.652061,2266048
-74.837158,-76.736679,2276192
-74.835510,-76.821296,2286220
-74.833854,-76.905906,2296220
-74.832206,-76.990524,2306392
-74.830551,-77.075134,2316564
-72.027076,-74.571830,2326548
-72.003860,-74.634880,2336688
-71.959083,-74.676368,2346692
-71.914299,-74.717849,2356832
-71.869522,-74.759338,2366852
-71.824737,-74.800819,2376880
-71.779953,-74.842308,2386860
-71.735176,-74.883789,2396872
-71.690391,-74.925277,2406892
-71.645614,-74.966758,2417044
-89.373901,-74.965461,2427168
-89.480087,-75.006942,2437164
-89.737220,-75.048431,2447284
-89.994361,-75.089912,2457288
-90.251502,-75.131401,2467444
-90.508644,-75.172882,2477632
-90.765785,-75.214370,2487624
-91.022926,-75.255851,2497656
-91.280067,-75.297340,2507664
-91.537208,-75.338821,2517668
-69.187721,-72.835182,2527700
-69.250770,-72.855102,2537728
-69.119720,-72.853446,2547892
-68.988677,-72.851799,2557888
-68.857627,-72.850143,2567912
-68.726577,-72.848495,2577904
-68.595535,-72.846847,2587916
-68.464485,-72.845191,2598072
-68.333442,-72.843544,2608064
-68.202392,-72.841888,2618228
-80.411911,-77.887718,2628360
-80.388694,-77.929199,2638368
-80.473304,-78.013816,2648508
-80.557922,-78.098434,2658524
-80.642539,-78.183044,2668684
-80.727149,-78.267662,2678676
-80.811767,-78.352272,2688696
-80.896377,-78.436889,2698696
-80.980995,-78.521507,2708872
-81.065612,-78.606117,2719036
-83.909286,-76.231170,2729036
-84.015472,-76.294219,2739192
-84.143211,-76.335708,2749220
-84.270957,-76.377189,2759228
-84.398704,-76.418678,2769248
-84.526443,-76.460159,2779260
-84.654190,-76.501647,2789260
-84.781936,-76.543128,2799280
-84.909683,-76.584617,2809300
-85.037429,-76.626098,2819340
-69.937187,-76.624801,2829472
-69.935539,-76.666282,2839464
-69.804489,-76.707771,2849476
-69.673446,-76.749252,2859616
-69.542396,-76.790740,2869620
-69.411354,-76.832221,2879764
-69.280303,-76.873710,2889768
-69.149253,-76.915191,2899920
-69.018211,-76.956680,2910084
-68.887161,-76.998161,2920216
-83.770164,-74.494522,2930376
-83.768508,-74.514434,2940388
-83.896255,-74.512786,2950552
-84.024002,-74.511138,2960564
-84.151748,-74.509483,2970556
-84.279487,-74.507835,2980580
-84.407234,-74.506179,2990584
-84.534980,-74.504531,3000604
-84.662727,-74.502883,3010616
-84.790466,-74.501228,3020628
-82.629806,-77.001922,3030620
-82.735984,-77.021842,3040632
-82.820602,-77.063323,3050648
-82.905220,-77.104812,3060652
-82.989830,-77.146293,3070684
-83.074447,-77.187782,3080688
-83.159057,-77.229263,3090708
-83.243675,-77.270751,3100732
-83.328292,-77.312232,3110724
-83.412902,-77.353721,3120760
-70.729095,-74.892860,3130772
-70.705879,-74.912780,3140936
-70.574829,-74.911132,3150940
-70.443786,-74.909477,3160944
-70.312736,-74.907829,3170968
-70.181694,-74.906181,3180964
-70.050643,-74.904525,3190972
-69.919601,-74.902877,3201140
-69.788551,-74.901222,3211300
-69.657501,-74.899574,3221284
-84.583290,-77.400268,3231436
-84.581642,-77.420188,3241436
-84.709381,-77.461669,3251440
-84.837127,-77.503150,3261608
-84.964874,-77.544639,3271784
-85.092613,-77.586128,3281780
-85.220359,-77.627609,3291784
-85.348106,-77.669090,3301800
-85.475852,-77.710578,3311964
-85.603599,-77.752067,3321976
-80.897796,-75.291206,3331984
-80.982414,-75.311126,3342156
-81.023895,-75.309478,3352176
-81.065383,-75.307823,3362196
-81.106864,-75.306175,3372212
-81.148353,-75.304519,3382204
-81.189834,-75.302871,3392232
-81.231323,-75.301223,3402252
-81.272804,-75.299568,3412276
-81.314292,-75.297920,3422288
-73.634826,-77.798606,3432296
-73.611610,-77.818527,3442308
-73.523704,-77.860015,3452328
-73.435791,-77.901496,3462480
-73.347877,-77.942985,3472484
-73.259971,-77.984466,3482488
-73.172058,-78.025955,3492504
-73.084144,-78.067436,3502660
-72.996238,-78.108924,3512644
-72.908325,-78.150405,3522660
-82.872558,-78.234680,3532768
-82.870910,-78.276161,3542916
-82.955528,-78.317649,3553064
-83.040138,-78.359130,3563084
-83.124755,-78.400619,3573076
-83.209373,-78.442100,3583232
-83.293983,-78.483589,3593396
-83.378601,-78.525070,3603392
-83.463211,-78.566558,3613556
-83.547828,-78.608039,3623572
-81.258460,-76.104400,3633740
-81.321510,-76.124320,3643732
-81.362991,-76.122665,3653760
-81.404479,-76.121017,3663792
-81.445960,-76.119361,3673784
-81.487449,-76.117713,3683808
-81.528930,-76.116065,3693844
-81.570419,-76.114410,3703868
-81.611900,-76.112762,3713864
-81.653388,-76.111106,3723896
-76.561851,-78.611801,3733916
-76.560203,-78.631721,3743948
-76.515419,-78.673202,3753948
-76.470642,-78.714691,3763972
-76.425857,-78.756172,3773984
-76.381080,-78.797660,3784020
-76.336296,-78.839141,3794012
-76.291519,-78.880630,3804040
-76.246734,-78.922111,3814048
-76.201957,-78.963600,3824068
-78.616706,-76.502738,3834240
-78.593490,-76.522659,3844252
-78.591842,-76.521011,3854272
-78.590187,-76.519363,3864288
-78.588539,-76.517707,3874324
-78.586883,-76.516059,3884360
-78.585235,-76.514404,3894356
-78.583587,-76.512756,3904376
-78.581932,-76.511108,3914408
-78.580284,-76.509452,3924436
-78.621414,-79.010147,3934564
-78.619766,-79.030067,3944572
-78.618118,-79.071548,3954572
-78.616462,-79.113037,3964580
-78.614814,-79.154518,3974612
-78.613159,-79.196006,3984624
-78.611511,-79.237487,3994648
-78.609863,-79.278976,4004648
-78.608207,-79.320457,4014668
-78.606559,-79.361946,4024828
-81.150032,-76.901084,4034996
-81.169952,-76.921005,4044996
-81.211441,-76.919357,4055016
-81.252922,-76.917701,4065048
-81.294410,-76.916053,4075068
-81.335891,-76.914398,4085084
-81.377380,-76.912750,4095272
-81.418861,-76.911102,4105264
-81.460350,-76.909446,4115280
-81.501831,-76.907798,4125444
-79.040977,-76.863357,4135572
-79.060897,-76.861709,4145572
-79.059242,-76.860061,4155728
-79.057594,-76.858406,4165888
-79.055946,-76.856758,4175892
-79.054290,-76.855102,4185892
-79.052642,-76.853454,4195896
-79.050987,-76.851806,4206048
-79.049339,-76.850151,4216184
-79.047691,-76.848503,4226340
-79.003250,-76.846847,4236424
-79.001602,-76.845199,4246560
-78.999946,-76.843551,4256692
-78.998298,-76.841896,4266832
-78.996643,-76.840248,4276816
-78.994995,-76.838592,4286816
-78.993347,-76.836944,4296972
-78.991691,-76.835296,4307116
-78.990043,-76.833641,4317260
-78.988388,-76.831993,4327400
-81.531867,-76.830337,4337540
-81.551788,-76.828689,4347704
-81.593269,-76.827041,4357848
-81.634757,-76.825386,4368004
-81.676246,-76.823738,4377992
-81.717727,-76.822082,4387996
-81.759208,-76.820434,4398148
-81.800697,-76.818778,4408276
-81.842185,-76.817131,4418404
-81.883666,-76.815483,4428420
-79.422805,-76.813827,4438552
-79.442726,-76.812179,4448700
-79.441078,-76.810523,4458848
-79.439430,-76.808876,4468856
-79.437774,-76.807228,4479004
-79.436126,-76.805572,4488992
-79.434471,-76.803924,4499156
-79.432823,-76.802268,4509148
-79.431175,-76.800621,4519304
-79.429519,-76.798973,4529460
-79.385086,-79.342445,4539584
-79.383430,-79.362365,4549560
-79.381782,-79.403854,4559572
-79.380134,-79.445335,4569720
-79.378479,-79.486824,4579712
-79.376831,-79.528305,4589872
-79.375175,-79.569793,4600028
-79.373527,-79.611274,4610176
-79.371879,-79.652763,4620344
-79.370223,-79.694244,4630328
-79.368576,-74.688285,4640460
-79.366920,-74.686630,4650468
-79.365272,-74.641853,4660620
-79.363616,-74.597068,4670616
-79.361968,-74.552291,4680768
-79.360321,-74.507507,4690756
-79.358665,-74.462730,4700900
-79.357017,-74.417945,4711044
-79.355361,-74.373168,4721028
-79.353713,-74.328384,4731188
-81.897193,-79.288261,4741348
-81.917114,-79.286613,4751516
-81.958595,-79.328102,4761512
-82.000083,-79.369583,4771520
-82.041564,-79.411071,4781660
-82.083053,-79.452552,4791652
-82.124534,-79.494041,4801804
-82.166023,-79.535522,4811796
-82.207504,-79.577011,4821796
-82.248992,-79.618492,4831948
-79.788131,-72.110176,4842108
-79.808052,-72.086959,4852108
-79.806404,-71.999046,4862252
-79.804748,-71.911132,4872396
-79.803100,-71.823226,4882532
-79.801445,-71.735313,4892660
-79.799797,-71.647399,4902804
-79.798149,-71.559494,4912816
-79.796493,-71.471580,4922952
-79.794845,-71.383666,4933112
-79.750404,-81.347908,4943220
-79.748756,-81.346252,4953340
-79.747108,-81.430870,4963340
-79.745452,-81.515487,4973480
-79.743804,-81.600097,4983624
-79.742149,-81.684715,4993760
-79.740501,-81.769325,5003912
-79.738853,-81.853942,5014056
-79.737197,-81.938560,5024204
-79.735549,-82.023170,5034360
-79.733894,-74.643569,5044504
-79.732246,-74.663490,5054512
-79.730590,-74.618705,5064668
-79.728942,-74.573928,5074800
-79.727294,-74.529144,5084784
-79.725639,-74.484367,5094788
-79.723991,-74.439582,5104936
-79.722335,-74.394805,5115084
-79.720687,-74.350021,5125244
-79.719039,-74.305244,5135372
-82.262512,-76.677207,5145512
-82.282432,-76.653991,5155676
-82.323921,-76.652343,5165848
-82.365402,-76.650688,5175832
-82.406890,-76.649040,5185840
-82.448371,-76.647384,5195976
-82.489860,-76.645736,5206140
-82.531341,-76.644088,5216304
-82.572830,-76.642433,5226292
-82.614311,-76.640785,5236288
-77.608352,-76.681915,5246420
-77.606697,-76.680267,5256424
-77.561920,-76.678619,5266416
-77.517135,-76.676963,5276576
-77.472358,-76.675315,5286572
-77.427574,-76.673660,5296736
-77.382797,-76.672012,5306728
-77.338012,-76.670364,5316872
-77.293235,-76.668708,5327028
-77.248451,-76.667060,5337012
-82.208335,-79.210533,5347156
-82.206680,-79.230453,5357308
-82.248168,-79.271942,5367460
-82.289649,-79.313423,5377456
-82.331138,-79.354911,5387472
-82.372619,-79.396392,5397636
-82.414108,-79.437881,5407804
-82.455589,-79.479362,5417808
-82.497077,-79.520851,5427972
-82.538558,-79.562332,5437952
-75.030242,-74.556373,5448112
-75.007026,-74.554718,5458264
-74.919113,-74.509941,5468408
-74.831199,-74.465156,5478396
-74.743293,-74.420379,5488408
-74.655380,-74.375595,5498560
-74.567466,-74.330818,5508688
-74.479560,-74.286033,5518692
-74.391647,-74.241256,5528824
-74.303733,-74.196472,5538812
-81.722846,-76.611228,5548956
-81.699630,-76.588012,5559120
-81.741111,-76.586357,5569264
-81.782600,-76.584709,5579288
-81.824081,-76.583053,5589440
-81.865570,-76.581405,5599580
-81.907051,-76.579757,5609740
-81.948539,-76.578102,5619728
-81.990020,-76.576454,5629888
-82.031509,-76.574798,5640036
-82.201347,-76.615936,5650112
-82.242835,-76.614288,5660260
-82.284317,-76.612632,5670400
-82.325805,-76.610984,5680556
-82.367286,-76.609329,5690684
-82.408775,-76.607681,5700836
-82.450256,-76.606033,5710972
-82.491744,-76.604377,5721104
-82.533226,-76.602729,5731252
-82.574714,-76.601074,5741384
-80.071067,-76.599426,5751516
-80.090988,-76.597778,5761676
-80.089340,-76.596122,5771808
-80.087684,-76.594474,5781968
-80.086036,-76.592819,5792104
-80.084388,-76.591171,5802256
-80.082733,-76.589515,5812248
-80.081085,-76.587867,5822252
-80.079429,-76.586219,5832388
-80.077781,-76.584564,5842392
-80.033348,-76.582916,5852488
-80.031692,-76.581260,5862644
-80.030044,-76.579612,5872788
-80.028388,-76.577964,5882916
-80.026741,-76.576309,5893060
-80.025085,-76.574661,5903048
-80.023437,-76.573005,5913196
-80.021789,-76.571357,5923344
-80.020133,-76.569709,5933484
-80.018486,-76.568054,5943628
-80.016830,-76.566406,5953720
-80.015182,-76.564750,5963864
-80.013534,-76.563102,5973996
-80.011878,-76.561454,5983996
-80.010231,-76.559799,5994140
-80.008575,-76.558151,6004144
-80.006927,-76.556495,6014296
-80.005279,-76.554847,6024424
-80.003623,-76.553199,6034572
-80.001976,-76.551544,6044708
-80.000320,-79.095024,6054840
-79.998672,-79.114944,6064972
-79.997024,-79.156425,6075120
-79.995368,-79.197914,6085280
-79.993721,-79.239395,6095268
-79.992065,-79.280883,6105276
-79.990417,-79.322364,6115420
-79.988769,-79.363853,6125580
-79.987113,-79.405334,6135544
-79.985466,-79.446823,6145556
-82.528938,-74.440856,6155716
-82.548858,-74.439208,6165876
-82.590347,-74.394424,6176028
-82.631828,-74.349647,6186016
-82.673316,-74.304862,6196168
-82.714797,-74.260086,6206312
-82.756286,-74.215301,6216320
-82.797767,-74.170524,6226476
-82.839256,-74.125740,6236636
-82.880737,-74.080963,6246612
-77.874778,-76.495712,6256760
-77.873123,-76.472496,6266760
-77.828346,-76.470848,6276784
-77.783561,-76.469192,6286776
-77.738784,-76.467544,6296796
-77.694000,-76.465888,6306788
-77.649223,-76.464241,6316940
-77.604438,-76.462593,6327104
-77.559661,-76.460937,6337240
-77.514877,-76.459289,6347244
-82.474761,-76.500419,6357376
-82.473106,-76.498771,6367520
-82.514595,-76.497123,6377512
-82.556076,-76.495468,6387520
-82.597564,-76.493820,6397528
-82.639045,-76.492164,6407668
-82.680534,-76.490516,6417824
-82.722015,-76.488861,6427968
-82.763504,-76.487213,6437976
-82.804985,-76.485565,6447980
-75.296669,-79.029037,6458132
-75.273452,-79.048957,6468096
-75.185539,-79.090446,6478100
-75.097625,-79.131927,6488248
-75.009719,-79.173416,6498240
-74.921806,-79.214897,6508396
-74.833892,-79.256385,6518368
-74.745986,-79.297866,6528380
-74.658073,-79.339355,6538524
-74.570159,-79.380836,6548532
-81.989273,-76.919982,6558664
-81.966056,-76.939903,6568824
-82.007537,-76.938247,6578960
-82.049026,-76.936599,6588964
-82.090507,-76.934944,6599112
-82.131996,-76.933296,6609224
-82.173477,-76.931648,6619244
-82.214965,-76.929992,6629404
-82.256446,-76.928344,6639396
-82.297935,-76.926689,6649552
-82.467773,-76.882255,6659648
-82.509262,-76.880607,6669804
-82.550743,-76.878952,6679944
-82.592231,-76.877304,6690080
-82.633712,-76.875648,6700232
-82.675201,-76.874000,6710380
-82.716682,-76.872352,6720500
-82.758171,-76.870697,6730656
-82.799652,-76.869049,6740788
-82.841140,-76.867393,6750932
-77.792388,-74.320640,6761112
-77.790740,-74.297424,6771100
-77.745956,-74.252639,6781232
-77.701179,-74.207862,6791248
-77.656394,-74.163078,6801388
-77.611618,-74.118301,6811536
-77.566833,-74.073516,6821536
-77.522056,-74.028739,6831532
-77.477272,-73.983955,6841680
-77.432495,-73.939178,6851840
-82.392372,-78.941841,6861984
-82.390724,-78.940193,6871976
-82.432205,-78.981674,6882128
-82.473693,-79.023162,6892280
-82.515174,-79.064643,6902280
-82.556663,-79.106132,6912436
-82.598144,-79.147613,6922592
-82.639633,-79.189102,6932760
-82.681114,-79.230583,6942752
-82.722602,-79.272071,6952752
-75.214279,-74.308891,6962900
-75.191062,-74.307243,6972904
-75.103157,-74.262458,6982908
-75.015243,-74.217681,6992912
-74.927330,-74.172897,7003060
-74.839424,-74.128120,7013032
-74.751510,-74.083335,7023188
-74.663597,-74.038558,7033332
-74.575691,-73.993774,7043472
-74.487777,-73.948997,7053612
-81.906883,-78.908874,7063768
-81.883666,-78.907226,7073904
-81.925155,-78.948707,7083880
-81.966636,-78.990196,7094028
-82.008125,-79.031677,7104020
-82.049606,-79.073165,7114172
-82.091094,-79.114646,7124316
-82.132575,-79.156135,7134464
-82.174064,-79.197616,7144476
-82.215545,-79.239105,7154468
-82.385391,-74.275924,7164600
-82.426872,-74.274276,7174608
-82.468360,-74.229492,7184768
-82.509841,-74.184715,7194916
-82.551330,-74.139930,7204900
-82.592811,-74.095153,7215036
-82.634300,-74.050369,7225176
-82.675781,-74.005592,7235312
-82.717269,-73.960807,7245456
-82.758750,-73.916030,7255592
-75.164863,-76.330780,7265724
-75.141647,-76.307563,7275732
-75.053733,-76.305915,7285888
-74.965827,-76.304260,7296032
-74.877914,-76.302612,7306168
-74.790000,-76.300956,7316336
-74.702095,-76.299308,7326460
-74.614181,-76.297660,7336592
-74.526268,-76.296005,7346752
-74.438362,-76.294357,7356736
-81.857467,-78.880615,7366888
-81.834251,-78.900535,7376864
-81.875740,-78.942024,7387004
-81.917221,-78.983505,7397152
-81.958709,-79.024993,7407156
-82.000190,-79.066474,7417300
-82.041679,-79.107963,7427420
-82.083160,-79.149444,7437576
-82.124649,-79.190933,7447564
-82.166130,-79.232414,7457568
-79.790847,-76.771560,7467744
-79.810760,-76.791481,7477732
-79.809112,-76.789825,7487740
-79.807464,-76.788177,7497900
-79.805809,-76.786529,7507888
-79.804161,-76.784873,7518052
-79.802505,-76.783226,7528224
-79.800857,-76.781570,7538376
-79.799209,-76.779922,7548356
-79.797554,-76.778274,7558520
-79.753120,-76.733833,7568620
-79.751464,-76.732185,7578624
-79.749816,-76.730529,7588788
-79.748168,-76.728881,7598772
-79.746513,-76.727226,7608932
-79.744865,-76.725578,7618928
-79.743209,-76.723930,7629092
-79.741561,-76.722274,7639224
-79.739913,-76.720626,7649392
-79.738258,-76.718971,7659532
-79.736610,-79.262451,7669672
-79.734954,-79.282371,7679664
-79.733306,-79.323852,7689680
-79.731658,-79.365341,7699828
-79.730003,-79.406822,7709844
-79.728355,-79.448310,7719992
-79.726699,-79.489791,7730136
-79.725051,-79.531280,7740300
-79.723403,-79.572761,7750268
-79.721748,-79.614250,7760272
-82.265228,-74.608283,7770432
-82.285148,-74.606636,7780588
-82.326629,-74.561859,7790752
-82.368118,-74.517074,7800748
-82.409599,-74.472290,7810912
-82.451087,-74.427513,7821048
-82.492568,-74.382728,7831060
-82.534057,-74.337951,7841220
-82.575538,-74.293167,7851384
-82.617027,-74.248390,7861536
-77.611061,-76.663139,7871696
-77.609413,-76.639923,7881708
-77.564628,-76.638275,7891868
-77.519851,-76.636627,7902044
-77.475067,-76.634971,7912028
-77.430290,-76.633323,7922040
-77.385505,-76.631668,7932036
-77.340728,-76.630020,7942036
-77.295944,-76.628364,7952188
-77.251159,-76.626716,7962172
-79.665916,-76.667854,7972316
-79.642700,-76.666198,7982324
-79.641052,-76.664550,7992464
-79.639396,-76.662895,8002464
-79.637748,-76.661247,8012632
-79.636093,-76.659599,8022632
-79.634445,-76.657943,8032792
-79.632797,-76.656295,8042788
-79.631141,-76.654640,8052948
-79.629493,-76.652992,8063092
-79.670623,-79.196472,8073232
-79.668975,-79.216392,8083216
-79.667327,-79.257873,8093380
-79.665672,-79.299362,8103548
-79.664024,-79.340843,8113544
-79.662368,-79.382331,8123692
-79.660720,-79.423812,8133852
-79.659072,-79.465301,8144012
-79.657417,-79.506782,8154164
-79.655769,-79.548271,8164124
-82.199241,-74.542304,8174284
-82.219161,-74.540657,8184288
-82.260650,-74.495872,8194448
-82.302131,-74.451095,8204600
-82.343620,-74.406311,8214588
-82.385101,-74.361526,8224724
-82.426589,-74.316749,8234740
-82.468070,-74.271965,8244740
-82.509559,-74.227188,8254900
-82.551040,-74.182403,8265040
-77.545082,-76.597160,8275192
-77.543426,-76.573944,8285204
-77.498649,-76.572288,8295200
-77.453865,-76.570640,8305188
-77.409088,-76.568992,8315196
-77.364303,-76.567337,8325340
-77.319526,-76.565689,8335336
-77.274742,-76.564033,8345500
-77.229965,-76.562385,8355652
-77.185180,-76.560737,8365648
-79.599937,-76.601867,8375772
-79.576721,-76.600219,8385924
-79.575065,-76.598564,8396052
-79.573417,-76.596916,8406196
-79.571762,-76.595268,8416348
-79.570114,-76.593612,8426484
-79.568466,-76.591964,8436620
-79.566810,-76.590309,8446764
-79.565162,-76.588661,8456880
-79.563507,-76.587013,8467024
-79.604644,-79.130485,8477128
-79.602996,-79.150405,8487264
-79.601341,-79.191894,8497392
-79.599693,-79.233375,8507520
-79.598037,-79.274864,8517668
-79.596389,-79.316345,8527780
-79.594734,-79.357833,8537928
-79.593086,-79.399314,8548068
-79.591438,-79.440803,8558200
-79.589782,-79.482284,8568336
-79.588134,-74.476325,8578436
-79.586479,-74.474670,8588584
-79.584831,-74.429893,8598724
-79.583183,-74.385108,8608852
-79.581527,-74.340332,8618988
-79.579879,-74.295547,8629120
-79.578224,-74.250770,8639252
-79.576576,-74.205986,8649372
-79.574928,-74.161201,8659508
-79.573272,-74.116424,8669636
-79.571624,-76.531173,8679768
-79.569969,-76.507957,8689908
-79.568321,-76.506309,8700048
-79.566673,-76.504661,8710184
-79.565017,-76.503005,8720308
-79.563369,-76.501358,8730440
-79.561714,-76.499702,8740580
-79.560066,-76.498054,8750716
-79.558418,-76.496406,8760832
-79.556762,-76.494750,8770960
-79.555114,-76.535888,8781052
-79.553459,-76.534233,8791184
-79.551811,-76.532585,8801316
-79.550155,-76.530937,8811460
-79.548507,-76.529281,8821580
-79.546859,-76.527633,8831716
-79.545204,-76.525978,8841852
-79.543556,-76.524330,8851976
-79.541900,-76.522682,8862116
-79.540252,-76.521026,8872236
-79.538604,-76.519378,8882328
-79.536949,-76.517723,8892464
-79.535301,-76.516075,8902588
-79.533645,-76.514419,8912712
-79.531997,-76.512771,8922856
-79.530349,-76.511123,8932996
-79.528694,-76.509468,8943140
-79.527046,-76.507820,8953260
-79.525390,-76.506164,8963376
-79.523742,-76.504516,8973508
-79.522094,-76.502868,8983596
-79.520439,-76.501213,8993704
-79.518791,-76.499565,9003844
-79.517135,-76.497909,9013972
-79.515487,-76.496261,9024112
-79.513839,-76.494613,9034244
-79.512184,-76.492958,9044368
-79.510536,-76.491310,9054516
-79.508880,-76.489654,9064640
-79.507232,-76.488006,9074764
-82.050712,-76.486358,9084856
-82.070625,-76.484703,9094972
-82.112113,-76.483055,9105100
-82.153594,-76.481399,9115232
-82.195083,-76.479751,9125380
-82.236564,-76.478103,9135520
-82.278053,-76.476448,9145648
-82.319534,-76.474800,9155780
-82.361022,-76.473144,9165908
-82.402503,-76.471496,9176052
-77.396545,-76.469848,9186160
-77.394897,-76.468193,9196284
-77.350112,-76.466545,9206412
-77.305328,-76.464889,9216560
-77.260551,-76.463241,9226700
-77.215766,-76.461593,9236824
-77.170989,-76.459938,9246976
-77.126205,-76.458290,9257100
-77.081428,-76.456634,9267236
-77.036643,-76.454986,9277364
-79.451400,-76.453330,9287464
-79.428184,-76.451683,9297600
-79.426528,-76.450035,9307584
-79.424880,-76.448379,9317716
-79.423233,-76.446731,9327860
-79.421577,-76.445075,9337988
-79.419929,-76.443428,9348136
-79.418273,-76.441780,9358272
-79.416625,-76.440124,9368408
-79.414978,-76.438476,9378556
-79.456108,-76.436820,9388636
-79.454460,-76.435173,9398764
-79.452804,-76.433525,9408892
-79.451156,-76.431869,9419032
-79.449508,-76.430221,9429164
-79.447853,-76.428565,9439296
-79.446205,-76.426918,9449424
-79.444549,-76.425270,9459552
-79.442901,-76.423614,9469692
-79.441253,-76.421966,9479816
-79.439598,-76.420310,9489916
-79.437950,-76.418663,9500044
-79.436294,-76.417015,9510172
-79.434646,-76.415359,9520308
-79.432991,-76.413711,9530436
-79.431343,-76.412055,9540424
-79.429695,-76.410408,9550548
-79.428039,-76.408752,9560684
-79.426391,-76.407104,9570816
-79.424736,-76.405456,9580936
-79.423088,-76.403800,9591020
-79.421440,-76.402153,9601132
-79.419784,-76.400497,9611272
-79.418136,-76.398849,9621380
-79.416481,-76.397201,9631524
-79.414833,-76.395545,9641660
-79.413185,-76.393898,9651780
-79.411529,-76.392242,9661928
-79.409881,-76.390594,9672056
-79.408226,-76.388946,9682184
-79.406578,-76.387290,9692276
-79.404930,-76.385643,9702388
-79.403274,-76.383987,9712532
-79.401626,-76.382339,9722652
-79.399971,-76.380691,9732796
-79.398323,-76.379035,9742920
-79.396675,-76.377388,9753052
-79.395019,-76.375732,9763204
-79.393371,-76.374084,9773328
-79.391716,-76.372436,9783468
-79.390068,-76.370780,9793552
-79.388412,-76.369132,9803668
-79.386764,-76.367477,9813800
-79.385116,-76.365829,9823944
-79.383460,-76.364181,9834092
-79.381813,-76.362525,9844216
-79.380157,-76.360877,9854356
-79.378509,-76.359222,9864476
-79.376861,-76.357574,9874612
-79.375205,-76.355926,9884756
-79.373558,-78.899398,9894856
-79.371902,-78.919319,9905004
-79.370254,-78.960807,9915128
-79.368606,-79.002288,9925260
-79.366950,-79.043777,9935392
-79.365303,-79.085258,9945512
-79.363647,-79.126747,9955644
-79.361999,-79.168228,9965788
-79.360351,-79.209716,9975936
-79.358695,-79.251197,9986036
-79.357048,-74.245239,9996156
0.000000,0.000000,10006028
0.000000,0.000000,10016084
0.000000,0.000000,10026244
0.000000,0.000000,10036364
0.000000,0.000000,10046448
0.000000,0.000000,10056500
0.000000,0.000000,10066556
0.000000,0.000000,10076612
0.000000,0.000000,10086668
0.000000,0.000000,10096688
0.000000,0.000000,10106736
0.000000,0.000000,10116792
0.000000,0.000000,10126848
0.000000,0.000000,10136908
0.000000,0.000000,10146964
0.000000,0.000000,10157012
0.000000,0.000000,10167068
0.000000,0.000000,10177124
0.000000,0.000000,10187184
0.000000,0.000000,10197180
0.000000,0.000000,10207232
0.000000,0.000000,10217288
0.000000,0.000000,10227344
0.000000,0.000000,10237400
0.000000,0.000000,10247460
0.000000,0.000000,10257512
0.000000,0.000000,10267560
0.000000,0.000000,10277616
0.000000,0.000000,10287672
0.000000,0.000000,10297796
0.000000,0.000000,10307852
0.000000,0.000000,10317908
0.000000,0.000000,10327956
0.000000,0.000000,10338012
0.000000,0.000000,10348068
0.000000,0.000000,10358124
0.000000,0.000000,10368180
0.000000,0.000000,10378224
0.000000,0.000000,10388280
0.000000,0.000000,10398404
0.000000,0.000000,10408464
0.000000,0.000000,10418520
0.000000,0.000000,10428572
0.000000,0.000000,10438624
0.000000,0.000000,10448676
0.000000,0.000000,10458732
0.000000,0.000000,10468788
0.000000,0.000000,10478844
0.000000,0.000000,10488900
0.000000,0.000000,10499016
0.000000,0.000000,10509072
0.000000,0.000000,10519124
0.000000,0.000000,10529180
0.000000,0.000000,10539236
0.000000,0.000000,10549288
0.000000,0.000000,10559336
0.000000,0.000000,10569392
0.000000,0.000000,10579448
0.000000,0.000000,10589500
0.000000,0.000000,10599628
0.000000,0.000000,10609684
0.000000,0.000000,10619728
0.000000,0.000000,10629784
0.000000,0.000000,10639840
0.000000,0.000000,10649896
0.000000,0.000000,10659948
0.000000,0.000000,10669996
0.000000,0.000000,10680052
0.000000,0.000000,10690108
0.000000,0.000000,10700232
0.000000,0.000000,10710288
0.000000,0.000000,10720344
0.000000,0.000000,10730392
0.000000,0.000000,10740448
0.000000,0.000000,10750504
0.000000,0.000000,10760560
0.000000,0.000000,10770616
0.000000,0.000000,10780664
0.000000,0.000000,10790716
0.000000,0.000000,10800844
0.000000,0.000000,10810900
0.000000,0.000000,10820956
0.000000,0.000000,10831008
0.000000,0.000000,10841060
0.000000,0.000000,10851112
0.000000,0.000000,10861168
0.000000,0.000000,10871224
0.000000,0.000000,10881280
0.000000,0.000000,10891332
0.000000,0.000000,10901452
0.000000,0.000000,10911504
0.000000,0.000000,10921560
0.000000,0.000000,10931616
0.000000,0.000000,10941672
0.000000,0.000000,10951728
0.000000,0.000000,10961776
0.000000,0.000000,10971828
0.000000,0.000000,10981888
0.000000,0.000000,10991944
0.000000,0.000000,11002072
0.000000,0.000000,11012128
0.000000,0.000000,11022176
0.000000,0.000000,11032228
0.000000,0.000000,11042288
0.000000,0.000000,11052344
0.000000,0.000000,11062400
0.000000,0.000000,11072448
0.000000,0.000000,11082500
0.000000,0.000000,11092556
0.000000,0.000000,11102684
0.000000,0.000000,11112740
0.000000,0.000000,11122796
0.000000,0.000000,11132844
0.000000,0.000000,11142900
0.000000,0.000000,11152956
0.000000,0.000000,11163012
0.000000,0.000000,11173068
0.000000,0.000000,11183124
0.000000,0.000000,11193172
0.000000,0.000000,11203300
0.000000,0.000000,11213356
0.000000,0.000000,11223412
0.000000,0.000000,11233468
0.000000,0.000000,11243516
0.000000,0.000000,11253572
0.000000,0.000000,11263628
0.000000,0.000000,11273684
0.000000,0.000000,11283740
0.000000,0.000000,11293796
0.000000,0.000000,11303912
0.000000,0.000000,11313968
0.000000,0.000000,11324024
0.000000,0.000000,11334080
0.000000,0.000000,11344136
0.000000,0.000000,11354192
0.000000,0.000000,11364240
0.000000,0.000000,11374296
0.000000,0.000000,11384352
0.000000,0.000000,11394408
0.000000,0.000000,11404536
0.000000,0.000000,11414592
0.000000,0.000000,11424640
0.000000,0.000000,11434696
0.000000,0.000000,11444752
0.000000,0.000000,11454808
0.000000,0.000000,11464864
0.000000,0.000000,11474916
0.000000,0.000000,11484968
0.000000,0.000000,11495024
0.000000,0.000000,11505152
0.000000,0.000000,11515208
0.000000,0.000000,11525264
0.000000,0.000000,11535312
0.000000,0.000000,11545368
0.000000,0.000000,11555424
0.000000,0.000000,11565480
0.000000,0.000000,11575536
0.000000,0.000000,11585588
0.000000,0.000000,11595640
0.000000,0.000000,11605764
0.000000,0.000000,11615820
0.000000,0.000000,11625876
0.000000,0.000000,11635932
0.000000,0.000000,11645988
0.000000,0.000000,11656036
0.000000,0.000000,11666092
0.000000,0.000000,11676148
0.000000,0.000000,11686204
0.000000,0.000000,11696260
0.000000,0.000000,11706384
0.000000,0.000000,11716432
0.000000,0.000000,11726488
0.000000,0.000000,11736544
0.000000,0.000000,11746600
0.000000,0.000000,11756656
0.000000,0.000000,11766708
0.000000,0.000000,11776764
0.000000,0.000000,11786820
0.000000,0.000000,11796876
0.000000,0.000000,11807000
0.000000,0.000000,11817056
0.000000,0.000000,11827104
0.000000,0.000000,11837160
0.000000,0.000000,11847216
0.000000,0.000000,11857272
0.000000,0.000000,11867332
0.000000,0.000000,11877384
0.000000,0.000000,11887436
0.000000,0.000000,11897492
0.000000,0.000000,11907620
0.000000,0.000000,11917676
0.000000,0.000000,11927732
0.000000,0.000000,11937780
0.000000,0.000000,11947836
0.000000,0.000000,11957892
0.000000,0.000000,11967948
0.000000,0.000000,11978008
0.000000,0.000000,11988064
0.000000,0.000000,11998112
0.000000,0.000000,12008240
0.000000,0.000000,12018292
0.000000,0.000000,12028352
0.000000,0.000000,12038408
0.000000,0.000000,12048460
0.000000,0.000000,12058508
0.000000,0.000000,12068564
0.000000,0.000000,12078620
0.000000,0.000000,12088680
0.000000,0.000000,12098732
0.000000,0.000000,12108860
0.000000,0.000000,12118908
0.000000,0.000000,12128964
0.000000,0.000000,12139020
0.000000,0.000000,12149076
0.000000,0.000000,12159136
0.000000,0.000000,12169184
0.000000,0.000000,12179240
0.000000,0.000000,12189296
0.000000,0.000000,12199352
0.000000,0.000000,12209480
0.000000,0.000000,12219536
0.000000,0.000000,12229584
0.000000,0.000000,12239640
0.000000,0.000000,12249696
0.000000,0.000000,12259752
0.000000,0.000000,12269812
0.000000,0.000000,12279868
0.000000,0.000000,12289916
0.000000,0.000000,12299972
0.000000,0.000000,12310100
0.000000,0.000000,12320156
0.000000,0.000000,12330208
0.000000,0.000000,12340264
0.000000,0.000000,12350312
0.000000,0.000000,12360368
0.000000,0.000000,12370424
0.000000,0.000000,12380480
0.000000,0.000000,12390536
0.000000,0.000000,12400584
0.000000,0.000000,12410712
0.000000,0.000000,12420768
0.000000,0.000000,12430824
0.000000,0.000000,12440880
0.000000,0.000000,12450936
0.000000,0.000000,12460988
0.000000,0.000000,12471044
0.000000,0.000000,12481100
0.000000,0.000000,12491156
0.000000,0.000000,12501212
0.000000,0.000000,12511336
0.000000,0.000000,12521388
0.000000,0.000000,12531444
0.000000,0.000000,12541500
0.000000,0.000000,12551556
0.000000,0.000000,12561612
0.000000,0.000000,12571668
0.000000,0.000000,12581716
0.000000,0.000000,12591772
0.000000,0.000000,12601832
0.000000,0.000000,12611960
0.000000,0.000000,12622016
0.000000,0.000000,12632068
0.000000,0.000000,12642120
0.000000,0.000000,12652176
0.000000,0.000000,12662232
0.000000,0.000000,12672288
0.000000,0.000000,12682344
0.000000,0.000000,12692392
0.000000,0.000000,12702452
0.000000,0.000000,12712576
0.000000,0.000000,12722636
0.000000,0.000000,12732692
0.000000,0.000000,12742748
0.000000,0.000000,12752800
0.000000,0.000000,12762856
0.000000,0.000000,12772912
0.000000,0.000000,12782972
0.000000,0.000000,12793028
0.000000,0.000000,12803084
0.000000,0.000000,12813204
0.000000,0.000000,12823256
0.000000,0.000000,12833312
0.000000,0.000000,12843368
0.000000,0.000000,12853420
0.000000,0.000000,12863468
0.000000,0.000000,12873524
0.000000,0.000000,12883580
0.000000,0.000000,12893636
0.000000,0.000000,12903688
0.000000,0.000000,12913816
0.000000,0.000000,12923864
0.000000,0.000000,12933920
0.000000,0.000000,12943972
0.000000,0.000000,12954028
0.000000,0.000000,12964084
0.000000,0.000000,12974136
0.000000,0.000000,12984184
0.000000,0.000000,12994240
0.000000,0.000000,13004300
0.000000,0.000000,13014428
0.000000,0.000000,13024480
0.000000,0.000000,13034536
0.000000,0.000000,13044584
0.000000,0.000000,13054640
0.000000,0.000000,13064700
0.000000,0.000000,13074756
0.000000,0.000000,13084812
0.000000,0.000000,13094860
0.000000,0.000000,13104920
0.000000,0.000000,13115044
0.000000,0.000000,13125100
0.000000,0.000000,13135156
0.000000,0.000000,13145212
0.000000,0.000000,13155260
0.000000,0.000000,13165316
0.000000,0.000000,13175368
0.000000,0.000000,13185424
0.000000,0.000000,13195480
0.000000,0.000000,13205532
0.000000,0.000000,13215652
0.000000,0.000000,13225708
0.000000,0.000000,13235764
0.000000,0.000000,13245820
0.000000,0.000000,13255872
0.000000,0.000000,13265928
0.000000,0.000000,13275976
0.000000,0.000000,13286032
0.000000,0.000000,13296088
0.000000,0.000000,13306140
0.000000,0.000000,13316268
0.000000,0.000000,13326316
0.000000,0.000000,13336368
0.000000,0.000000,13346424
0.000000,0.000000,13356480
0.000000,0.000000,13366536
0.000000,0.000000,13376588
